first_user:
  id: 1
  email: kenglish@gmail.com
  encrypted_password: $2a$10$rtiMrby5L1ItDL4N3wTyuuZ2sIU4wPp/eqXMhbp8b2loB5e.pZLo2
  sign_in_count: 5
  current_sign_in_at: 2011-09-29 06:52:33.389468000Z
  last_sign_in_at: 2011-09-29 06:52:03.182682000Z
  current_sign_in_ip: 127.0.0.1
  last_sign_in_ip: 127.0.0.1
  created_at: 2011-09-29 05:31:45.828245000Z
  updated_at: 2011-09-29 06:52:33.389763000Z
